10100
10100
20100
20100
30100
30100
30100
40100
40100
40100
50100
60100
60100
60100
60100
70100
70100
70100
70100
80100
90100
90100
100100
100100
100100
110100
110100
110100
120100
130100
150100
150100
150100
160100
160100
160100
170100
180100
190100
190100
190100
190100
190100
190100
190100
200100
200100
200100
210100
210100
220100
220100
220100
220100
240100
240100
240100
240100
240100
250100
250100
250100
260100
260100
260100
270100
270100
270100
270100
270100
280100
280100
280100
300100
300100
300100
300100
310100
310100
310100
320100
320100
330100
330100
330100
330100
340100
340100
350100
350100
350100
350100
350100
350100
360100
360100
360100
370100
370100
370100
390100
400100
400100
400100
400100
400100
400100
410100
410100
410100
420100
420100
420100
430100
430100
430100
430100
440100
440100
440100
440100
440100
450100
460100
460100
460100
480100
490100
490100
510100
510100
510100
510100
520100
520100
530100
530100
530100
540100
540100
550100
550100
570100
590100
590100
600100
600100
600100
620100
620100
620100
640100
670100
680100
690100
690100
700100
710100
730100
750100
750100
770100
770100
770100
770100
780100
780100
780100
780100
790100
800100
810100
810100
810100
820100
820100
820100
820100
840100
850100
850100
860100
860100
860100
860100
860100
860100
870100
870100
870100
870100
880100
880100
890100
900100
910100
920100
920100
920100
920100
940100
950100
950100
960100
960100
960100
970100
970100
970100
970100
980100
1000100
1000100
1000100
1000100
1010100
1010100
1010100
1010100
1020100
1020100
1020100
1020100
1030100
1030100
1040100
1040100
1040100
1050100
1050100
1060100
1070100
1080100
1080100
1130100
1130100
1130100
1130100
1140100
1150100
1150100
1160100
1160100
1160100
1170100
1170100
1180100
1210100
1220100
1250100
1270100
1300100
1300100
1310100
1310100
1320100
1320100
1320100
1330100
1360100
1370100
1410100
1410100
1410100
1410100
1420100
1420100
1440100
1450100
1450100
1450100
1460100
1470100
1470100
1470100
1470100
1490100
1500100
1500100
1500100
1500100
1510100
1510100
1510100
1530100
1540100
1540100
1550100
1550100
1550100
1560100
1580100
1590100
1590100
1600100
1600100
1610100
1610100
1620100
1620100
1630100
1630100
1630100
1660100
1660100
1660100
1660100
1670100
1670100
1670100
1700100
1700100
1710100
1710100
1720100
1720100
1720100
1740100
1740100
1750100
1750100
1790100
1790100
1790100
1790100
1810100
1810100
1810100
1810100
1820100
1820100
1840100
1840100
1850100
1850100
1860100
1870100
1890100
1920100
1960100
1960100
1980100
1980100
2000100
2000100
2000100
2000100
2010100
2030100
2040100
2040100
2050100
2050100
2070100
2070100
2070100
2070100
2070100
2070100
2110100
2110100
2110100
2120100
2120100
2130100
2130100
2130100
2150100
2150100
2170100
2180100
2180100
2210100
2220100
2240100
2240100
2250100
2250100
2250100
2280100
2280100
2290100
2290100
2330100
2330100
2340100
2360100
2370100
2380100
2390100
2400100
2430100
2440100
2450100
2450100
2450100
2460100
2460100
2460100
2460100
2470100
2480100
2490100
2500100
2500100
2500100
2500100
2510100
2520100
2550100
2550100
2560100
2560100
2600100
2620100
2650100
2650100
2670100
2670100
2670100
2670100
2680100
2680100
2690100
2730100
2760100
2760100
2770100
2770100
2790100
2800100
2820100
2830100
2830100
2830100
2840100
2860100
2870100
2870100
2870100
2870100
2880100
2920100
2940100
2940100
2960100
2960100
2970100
2970100
2970100
2990100
2990100
3010100
3020100
3020100
3020100
3020100
3030100
3040100
3040100
3060100
3060100
3080100
3080100
3100100
3100100
3130100
3140100
3140100
3150100
3160100
3160100
3170100
3170100
3210100
3230100
3230100
3230100
3250100
3250100
3250100
3250100
3280100
3280100
3300100
3300100
3310100
3320100
3370100
3370100
3380100
3380100
3380100
3390100
3390100
3390100
3410100
3430100
3460100
3470100
3470100
3510100
3520100
3520100
3530100
3540100
3540100
3540100
3550100
3550100
3560100
3560100
3560100
3570100
3590100
3590100
3600100
3630100
3700100
3700100
3720100
3760100
3760100
3770100
3780100
3780100
3810100
3900100
3910100
3910100
3930100
3940100
3940100
3940100
3960100
3960100
4010100
4020100
4020100
4020100
4030100
4030100
4030100
4030100
4040100
4040100
4040100
4090100
4090100
4090100
4100100
4100100
4130100
4130100
4140100
4190100
4190100
4190100
4190100
4200100
4200100
4210100
4220100
4220100
4230100
4230100
4230100
4250100
4270100
4270100
4270100
4290100
4290100
4320100
4320100
4330100
4340100
4340100
4380100
4390100
4430100
4430100
4430100
4440100
4460100
4460100
4470100
4480100
4510100
4520100
4520100
4520100
4540100
4550100
4550100
4560100
4560100
4580100
4580100
4580100
4600100
4600100
4610100
4610100
4620100
4620100
4620100
4640100
4640100
4660100
4660100
4670100
4670100
4670100
4680100
4680100
4700100
4710100
4710100
4720100
4780100
4780100
4790100
4790100
4810100
4810100
4830100
4830100
4840100
4840100
4850100
4860100
4860100
4860100
4860100
4870100
4890100
4920100
4920100
4920100
4920100
4940100
4940100
4940100
4950100
4960100
4960100
5010100
5010100
5020100
5020100
5020100
5030100
5030100
5050100
5050100
5050100
5050100
5050100
5080100
5110100
5110100
5110100
5180100
5270100
5270100
5280100
5300100
5330100
5330100
5330100
5330100
5330100
5360100
5440100
5470100
5480100
5480100
5480100
5510100
5510100
5530100
5560100
5560100
5570100
5580100
5590100
5600100
5620100
5640100
5650100
5650100
5650100
5660100
5750100
5750100
5800100
5810100
5810100
5830100
5830100
5840100
5850100
5860100
5860100
5860100
5860100
5860100
5870100
5910100
5960100
5970100
6010100
6010100
6040100
6060100
6080100
6080100
6100100
6100100
6100100
6150100
6220100
6220100
6250100
6250100
6260100
6270100
6270100
6300100
6310100
6310100
6310100
6320100
6330100
6330100
6330100
6330100
6350100
6380100
6380100
6390100
6390100
6390100
6400100
6410100
6420100
6420100
6420100
6450100
6490100
6500100
6500100
6500100
6500100
6520100
6520100
6530100
6530100
6560100
6580100
6590100
6610100
6610100
6630100
6630100
6660100
6670100
6670100
6690100
6690100
6690100
6690100
6690100
6730100
6730100
6760100
6820100
6820100
6830100
6840100
6840100
6850100
6850100
6870100
6890100
6910100
6910100
6920100
6950100
6950100
6980100
7010100
7030100
7030100
7040100
7090100
7110100
7110100
7120100
7150100
7170100
7170100
7190100
7240100
7240100
7240100
7240100
7310100
7340100
7380100
7380100
7380100
7400100
7400100
7400100
7410100
7410100
7420100
7420100
7420100
7430100
7430100
7430100
7440100
7450100
7450100
7520100
7530100
7530100
7540100
7540100
7570100
7580100
7580100
7580100
7610100
7610100
7620100
7630100
7630100
7640100
7640100
7650100
7650100
7650100
7690100
7700100
7720100
7740100
7740100
7770100
7770100
7780100
7780100
7790100
7800100
7820100
7840100
7880100
7910100
7910100
7910100
7910100
7930100
7930100
7950100
7980100
7990100
8000100
8030100
8050100
8060100
8060100
8120100
8120100
8120100
8150100
8150100
8160100
8160100
8180100
8180100
8190100
8200100
8200100
8200100
8200100
8220100
8240100
8280100
8290100
8290100
8330100
8330100
8340100
8360100
8360100
8370100
8410100
8420100
8420100
8440100
8460100
8460100
8480100
8490100
8490100
8530100
8540100
8540100
8540100
8560100
8560100
8580100
8580100
8590100
8600100
8630100
8630100
8630100
8640100
8650100
8650100
8650100
8650100
8660100
8710100
8720100
8750100
8770100
8860100
8860100
8900100
8970100
8980100
8980100
8980100
8980100
8990100
9000100
9010100
9040100
9040100
9080100
9080100
9080100
9090100
9090100
9090100
9100100
9130100
9130100
9170100
9170100
9180100
9180100
9180100
9230100
9250100
9330100
9360100
9380100
9460100
9470100
9470100
9470100
9480100
9480100
9480100
9490100
9520100
9530100
9550100
9580100
9590100
9610100
9610100
9630100
9630100
9650100
9660100
9680100
9680100
9700100
9740100
9740100
9750100
9770100
9770100
9830100
9830100
9870100
9870100
9870100
9870100
9920100
9920100
9940100
9970100
9970100
9990100
9990100
9990100
9990100
9990100
9990100
10060100
10070100
10070100
10120100
10120100
10120100
10140100
10140100
10150100
10150100
10170100
10170100
10190100
10210100
10210100
10230100
10250100
10250100
10290100
10290100
10300100
10320100
10320100
10330100
10330100
10400100
10400100
10430100
10430100
10440100
10440100
10440100
10460100
10460100
10480100
10490100
10490100
10510100
10510100
10520100
10520100
10550100
10550100
10610100
10610100
10630100
10700100
10710100
10710100
10730100
10760100
10820100
10840100
10880100
10900100
10900100
10930100
10970100
10970100
11010100
11030100
11190100
11190100
11200100
11210100
11260100
11280100
11280100
11300100
11310100
11310100
11330100
11330100
11330100
11330100
11360100
11380100
11380100
11380100
11390100
11390100
11400100
11410100
11430100
11470100
11470100
11500100
11500100
11500100
11530100
11570100
11570100
11600100
11620100
11640100
11670100
11670100
11670100
11690100
11690100
11700100
11700100
11720100
11780100
11780100
11790100
11850100
11850100
11890100
11890100
11890100
12030100
12090100
12090100
12090100
12100100
12100100
12140100
12140100
12190100
12190100
12200100
12200100
12200100
12210100
12210100
12240100
12260100
12260100
12260100
12270100
12280100
12280100
12280100
12280100
12280100
12320100
12360100
12360100
12360100
12360100
12420100
12420100
12450100
12450100
12460100
12460100
12530100
12540100
12540100
12540100
12540100
12560100
12560100
12560100
12560100
12580100
12600100
12640100
12640100
12650100
12680100
12680100
12680100
12690100
12720100
12720100
12730100
12750100
12790100
12790100
12850100
12850100
12870100
12880100
12890100
12890100
12930100
12930100
12930100
12930100
12960100
12960100
12970100
12980100
13000100
13000100
13080100
13140100
13190100
13200100
13210100
13230100
13230100
13230100
13260100
13260100
13280100
13280100
13320100
13340100
13370100
13370100
13410100
13410100
13420100
13420100
13420100
13520100
13520100
13560100
13560100
13560100
13570100
13580100
13580100
13640100
13640100
13640100
13650100
13650100
13730100
13730100
13750100
13750100
13770100
13770100
13820100
13850100
13850100
13850100
13870100
13880100
13880100
13890100
13900100
13910100
13980100
13980100
14020100
14050100
14050100
14090100
14100100
14120100
14150100
14160100
14190100
14190100
14200100
14220100
14240100
14240100
14290100
14300100
14300100
14320100
14340100
14360100
14400100
14400100
14420100
14420100
14570100
14600100
14620100
14620100
14620100
14620100
14670100
14710100
14760100
14760100
14830100
14830100
14840100
14860100
14860100
14860100
14870100
14870100
14870100
14890100
14890100
14890100
14890100
14990100
14990100
14990100
15000100
15040100
15040100
15070100
15070100
15110100
15120100
15130100
15200100
15230100
15230100
15230100
15230100
15230100
15250100
15250100
15250100
15260100
15260100
15260100
15280100
15280100
15290100
15290100
15290100
15290100
15330100
15330100
15330100
15350100
15360100
15360100
15390100
15400100
15400100
15410100
15410100
15510100
15570100
15590100
15620100
15670100
15730100
15730100
15740100
15740100
15740100
15790100
15790100
15790100
15820100
15850100
15850100
15870100
15960100
15980100
15990100
16040100
16060100
16060100
16100100
16120100
16130100
16140100
16150100
16150100
16150100
16190100
16190100
16200100
16220100
16220100
16400100
16410100
16440100
16450100
16470100
16520100
16520100
16520100
16560100
16560100
16560100
16570100
16570100
16570100
16570100
16580100
16580100
16580100
16580100
16620100
16620100
16650100
16670100
16690100
16750100
16750100
16770100
16770100
16770100
16770100
16810100
16810100
16830100
16830100
16830100
16860100
16860100
16870100
16870100
16870100
16900100
16900100
16900100
16910100
16910100
16950100
16950100
16950100
16950100
17000100
17040100
17120100
17120100
17120100
17130100
17130100
17190100
17240100
17240100
17250100
17250100
17270100
17280100
17360100
17360100
17390100
17390100
17440100
17450100
17450100
17460100
17460100
17470100
17470100
17470100
17470100
17530100
17590100
17590100
17590100
17590100
17610100
17630100
17640100
17640100
17640100
17690100
17690100
17720100
17740100
17740100
17750100
17750100
17750100
17750100
17830100
17850100
17870100
17870100
17920100
17920100
17950100
17980100
18010100
18010100
18020100
18030100
18070100
18080100
18090100
18090100
18100100
18110100
18110100
18120100
18140100
18140100
18160100
18160100
18170100
18180100
18180100
18290100
18290100
18290100
18330100
18330100
18420100
18420100
18420100
18440100
18570100
18580100
18590100
18590100
18640100
18640100
18660100
18660100
18680100
18750100
18770100
18780100
18780100
18950100
18950100
18980100
18990100
19000100
19180100
19180100
19270100
19270100
19280100
19320100
19320100
19370100
19410100
19420100
19420100
19430100
19480100
19480100
19480100
19520100
19520100
19530100
19530100
19540100
19540100
19560100
19660100
19740100
19770100
19770100
19770100
19850100
19860100
19860100
19880100
19880100
19920100
19950100
19950100
19950100
20060100
20060100
20060100
20080100
20090100
20130100
20160100
20160100
20210100
20210100
20210100
20210100
20300100
20300100
20300100
20300100
20300100
20310100
20310100
20320100
20320100
20330100
20340100
20340100
20350100
20380100
20380100
20430100
20430100
20450100
20450100
20520100
20530100
20540100
20680100
20700100
20700100
20720100
20730100
20840100
20950100
20950100
20970100
20990100
21020100
21020100
21050100
21050100
21050100
21080100
21110100
21110100
21140100
21170100
21220100
21240100
21260100
21260100
21330100
21350100
21360100
21370100
21370100
21430100
21430100
21430100
21440100
21440100
21440100
21440100
21470100
21560100
21560100
21720100
21900100
21900100
21970100
21990100
21990100
22000100
22040100
22040100
22060100
22130100
22200100
22210100
22230100
22230100
22230100
22370100
22370100
22440100
22440100
22450100
22510100
22510100
22610100
22630100
22630100
22640100
22640100
22660100
22660100
22660100
22700100
22700100
22700100
22740100
22740100
22770100
22770100
22820100
22820100
22900100
22920100
22920100
22940100
22940100
22970100
22970100
23020100
23040100
23100100
23100100
23100100
23100100
23150100
23150100
23220100
23260100
23280100
23280100
23280100
23280100
23310100
23310100
23330100
23350100
23350100
23360100
23430100
23430100
23490100
23570100
23770100
23900100
23910100
23920100
23980100
23990100
23990100
24070100
24070100
24240100
24260100
24260100
24260100
24340100
24440100
24500100
24500100
24580100
24580100
24580100
24610100
24670100
24730100
24920100
24920100
24920100
24920100
24920100
24920100
24920100
24920100
24930100
24930100
24940100
25390100
25460100
25550100
25570100
25600100
25600100
25660100
25660100
25710100
25710100
25710100
25710100
25750100
25760100
25860100
25870100
25960100
25960100
26050100
26050100
26050100
26090100
26100100
26110100
26110100
26300100
26300100
26300100
26350100
26360100
26420100
26450100
26490100
26500100
26540100
26540100
26550100
26550100
26730100
26750100
26760100
26760100
26770100
26870100
26870100
26880100
26880100
26890100
26890100
26890100
26890100
26890100
27040100
27110100
27190100
27190100
27220100
27220100
27270100
27330100
27340100
27350100
27390100
27390100
27390100
27410100
27410100
27410100
27410100
27410100
27410100
27470100
27500100
27520100
27520100
27530100
27560100
27560100
27560100
27670100
27720100
27720100
27840100
27920100
27920100
27940100
27940100
27990100
28160100
28160100
28230100
28250100
28300100
28300100
28390100
28390100
28400100
28410100
28450100
28450100
28480100
28530100
28530100
28530100
28600100
28600100
28680100
28680100
28720100
28740100
28740100
28780100
28870100
28880100
28920100
28920100
28920100
28920100
29020100
29060100
29070100
29140100
29150100
29250100
29340100
29420100
29420100
29460100
29460100
29470100
29490100
29490100
29500100
29500100
29580100
29620100
29650100
29670100
29680100
29680100
29760100
29880100
29880100
29880100
29880100
29890100
29890100
29890100
29890100
29960100
29970100
29990100
30130100
30170100
30170100
30210100
30240100
30240100
30380100
30380100
30380100
30400100
30400100
30410100
30430100
30500100
30630100
30630100
30720100
30750100
30760100
30800100
30800100
30810100
30820100
30880100
30880100
30880100
30960100
30970100
30970100
30990100
30990100
31050100
31050100
31120100
31140100
31290100
31290100
31340100
31340100
31430100
31470100
31560100
31760100
31770100
31770100
31810100
31880100
31930100
31970100
31990100
31990100
31990100
32110100
32150100
32200100
32200100
32210100
32210100
32220100
32340100
32350100
32380100
32400100
32520100
32540100
32730100
32760100
32840100
33160100
33200100
33200100
33200100
33200100
33240100
33240100
33270100
33280100
33350100
33360100
33360100
33420100
33420100
33450100
33540100
33540100
33550100
33550100
33550100
33590100
33590100
33660100
33690100
33690100
33730100
33730100
33730100
33750100
33860100
33860100
33860100
33860100
33920100
33940100
33940100
34060100
34060100
34090100
34150100
34170100
34190100
34430100
34470100
34470100
34470100
34490100
34550100
34750100
34750100
34750100
34760100
34760100
34840100
34850100
34880100
34920100
34920100
34990100
35010100
35010100
35020100
35020100
35060100
35060100
35150100
35210100
35360100
35380100
35480100
35540100
35540100
35540100
35560100
35570100
35610100
35870100
35930100
35930100
35930100
35930100
35990100
36180100
36190100
36190100
36220100
36320100
36340100
36360100
36360100
36400100
36400100
36420100
36490100
36490100
36500100
36510100
36590100
36590100
36740100
36780100
36810100
36830100
36830100
36860100
36870100
36870100
36870100
36870100
36950100
36950100
36950100
36950100
36960100
36990100
36990100
37040100
37040100
37170100
37230100
37240100
37240100
37270100
37280100
37290100
37290100
37290100
37290100
37660100
37660100
37690100
37800100
37800100
37840100
37840100
37840100
37840100
37840100
37920100
37950100
37950100
38070100
38090100
38170100
38170100
38250100
38270100
38270100
38290100
38430100
38530100
38530100
38530100
38530100
38710100
38710100
38710100
38710100
38710100
38710100
38740100
39170100
39220100
39500100
39570100
39570100
39660100
39660100
39690100
39700100
39820100
39840100
39860100
39860100
39880100
39880100
39960100
40110100
40120100
40130100
40130100
40130100
40280100
40280100
40290100
40710100
40730100
40730100
40730100
40730100
40760100
40790100
40790100
40830100
40870100
40880100
40880100
40880100
40980100
41030100
41060100
41060100
41060100
41250100
41310100
41310100
41310100
41310100
41310100
41310100
41310100
41310100
41310100
41320100
41320100
41320100
41460100
41490100
41570100
41810100
41860100
41880100
41880100
41890100
41950100
41990100
42000100
42100100
42100100
42140100
42150100
42190100
42200100
42200100
42200100
42200100
42200100
42200100
42780100
42780100
42850100
42850100
42860100
42860100
42880100
42880100
42990100
43050100
43050100
43050100
43150100
43150100
43150100
43270100
43270100
43310100
43330100
43440100
43500100
43580100
43580100
43620100
43750100
43750100
43760100
44020100
44020100
44020100
44020100
44120100
44120100
44250100
44590100
44590100
44640100
44650100
44660100
44730100
44760100
44760100
44910100
44910100
45020100
45040100
45050100
45050100
45070100
45180100
45180100
45180100
45220100
45220100
45320100
45380100
45520100
45520100
45520100
45520100
45540100
45540100
45610100
45610100
45610100
45610100
45640100
45670100
45670100
45770100
45780100
45780100
45780100
45780100
45860100
45900100
45910100
45910100
46000100
46050100
46060100
46060100
46060100
46240100
46250100
46420100
46620100
46620100
46620100
46620100
46680100
46700100
46700100
46710100
46800100
46880100
46880100
46940100
46940100
46950100
47080100
47150100
47210100
47250100
47280100
47280100
47280100
47400100
47450100
47450100
47450100
47480100
47480100
47490100
47520100
47520100
47520100
47610100
47650100
47660100
47660100
47690100
47720100
47830100
47870100
47930100
48220100
48220100
48220100
48220100
48220100
48350100
48350100
48370100
48380100
48400100
48430100
48460100
48470100
48470100
48470100
48490100
48520100
48630100
49050100
49440100
49520100
49520100
49550100
49560100
49560100
49700100
49700100
49700100
49700100
49700100
49880100
49910100
49940100
49940100
49940100
49940100
49990100
49990100
49990100
50090100
50090100
50090100
50090100
50090100
50090100
50090100
50090100
50090100
50150100
50150100
50150100
50390100
50390100
50390100
50390100
50390100
50520100
50520100
50520100
50540100
50580100
50590100
50590100
50830100
51050100
51060100
51190100
51200100
51200100
51500100
51520100
51520100
51520100
51580100
51590100
51590100
51630100
51670100
51670100
51670100
51670100
51740100
51740100
51760100
51890100
51890100
52030100
52030100
52030100
52070100
52450100
52450100
52450100
52480100
52510100
52510100
52550100
52640100
52640100
52690100
52770100
53010100
53120100
53120100
53250100
53260100
53260100
53260100
53310100
53310100
53310100
53310100
53600100
53670100
53670100
53690100
54040100
54040100
54100100
54100100
54220100
54220100
54230100
54230100
54230100
54240100
54240100
54260100
54330100
54330100
54810100
54820100
55060100
55120100
55200100
55440100
55440100
55510100
55550100
55550100
55550100
55560100
55560100
55760100
55930100
55930100
56210100
56650100
56650100
56660100
56670100
56670100
56680100
56680100
56680100
56930100
57190100
57190100
57380100
57380100
57380100
57420100
57490100
57550100
57570100
57610100
57640100
57640100
57640100
57680100
57980100
58050100
58080100
58330100
58570100
58570100
58700100
58700100
58810100
58840100
59180100
59180100
59460100
59460100
59620100
59630100
59630100
59630100
59750100
59750100
59750100
59850100
59950100
59950100
60010100
60080100
60090100
60140100
60230100
60240100
60240100
60240100
60240100
60310100
60310100
60340100
60340100
60490100
60520100
60630100
60630100
60770100
60800100
60830100
60880100
60880100
60960100
60960100
61020100
61020100
61020100
61020100
61060100
61090100
61380100
61380100
61450100
61500100
61500100
61500100
61510100
61560100
61720100
61720100
61730100
61950100
61950100
61980100
62040100
62110100
62110100
62110100
62190100
62190100
62220100
62220100
62310100
62360100
62400100
62470100
62500100
62540100
62560100
62560100
62700100
62700100
62820100
62820100
62960100
62960100
63140100
63140100
63240100
63500100
63850100
63850100
63850100
63850100
63850100
63850100
63850100
63850100
63850100
63880100
64010100
64040100
64230100
64310100
64310100
64350100
64500100
64510100
64730100
64760100
64760100
64760100
64760100
64760100
65060100
65100100
65130100
65140100
65140100
65350100
65420100
65440100
65590100
65820100
65820100
65870100
65870100
65890100
66100100
66120100
66170100
66170100
66380100
66430100
66430100
66440100
66460100
66460100
66540100
66540100
66550100
66550100
66650100
66650100
66670100
66770100
66780100
66780100
66840100
66840100
66880100
66990100
66990100
67020100
67020100
67190100
67330100
67330100
67330100
67490100
67490100
67540100
67540100
67610100
67680100
67820100
67840100
67840100
67920100
67920100
67940100
67940100
67940100
67990100
67990100
68230100
68230100
68540100
68600100
68600100
68610100
68610100
68730100
68740100
68740100
68870100
68870100
68870100
68870100
68870100
68890100
69090100
69090100
69260100
69260100
69390100
69390100
69390100
69520100
69520100
69590100
69590100
69700100
69700100
69990100
70040100
70060100
70400100
70400100
70540100
70900100
70900100
70900100
71000100
71030100
71050100
71050100
71050100
71050100
71050100
71050100
71050100
71050100
71080100
71140100
71140100
71140100
71140100
71140100
71140100
71140100
71140100
71370100
71370100
71430100
71430100
71470100
71500100
71530100
71530100
71810100
71810100
71810100
71840100
71840100
71890100
71970100
72120100
72220100
72330100
72570100
72700100
72700100
72700100
72720100
72720100
72730100
72740100
72740100
72770100
72770100
72790100
72820100
73000100
73090100
73190100
73190100
73190100
73210100
73260100
73330100
73330100
73390100
73560100
73560100
73710100
73710100
73720100
73970100
73970100
74170100
74340100
74340100
74370100
74420100
74420100
74610100
74610100
74610100
74610100
74700100
74800100
74830100
74830100
74830100
74830100
74860100
74990100
75010100
75050100
75050100
75080100
75290100
75290100
75500100
75560100
75560100
75560100
75620100
75620100
75640100
75680100
75700100
75780100
75780100
75830100
75840100
75840100
75840100
75840100
75840100
75840100
75840100
75850100
75890100
76050100
76050100
76050100
76110100
76270100
76270100
76460100
76490100
76700100
76760100
76760100
76790100
76790100
76860100
76940100
76940100
77020100
77020100
77020100
77020100
77020100
77020100
77020100
77020100
77020100
77020100
77020100
77020100
77020100
77030100
77110100
77110100
77170100
77270100
77270100
77270100
77310100
77330100
77370100
77670100
77670100
77740100
77940100
77940100
77940100
77960100
77960100
77960100
78010100
78010100
78100100
78110100
78630100
78700100
78700100
78700100
78730100
78790100
78910100
79020100
79020100
79020100
79080100
79080100
79090100
79190100
79250100
79260100
79260100
79500100
79500100
79500100
79500100
79500100
79500100
79950100
79950100
80010100
80060100
80070100
80280100
80330100
80410100
80500100
80500100
80500100
80690100
80690100
81040100
81040100
81300100
81470100
81470100
81780100
81780100
81780100
81780100
81780100
81810100
81840100
81920100
81960100
81970100
82080100
82080100
82160100
82180100
82330100
82350100
82350100
82640100
82750100
82990100
82990100
82990100
82990100
83140100
83220100
83220100
83220100
83220100
83260100
83260100
83270100
83270100
83310100
83310100
83310100
83410100
83440100
83440100
83580100
83630100
83630100
83640100
83660100
83860100
83860100
84000100
84000100
84000100
84000100
84000100
84000100
84000100
84490100
84490100
84510100
84510100
84590100
84800100
84810100
84810100
84810100
84810100
84850100
84850100
84880100
84910100
84930100
85070100
85070100
85080100
85450100
85460100
85460100
85610100
85640100
85780100
85840100
85850100
85850100
85850100
85850100
85850100
85850100
85850100
85850100
85900100
85940100
85940100
86010100
86020100
86020100
86070100
86070100
86100100
86100100
86150100
86150100
86230100
86230100
86280100
86380100
86390100
86410100
86410100
86450100
86450100
86450100
86640100
86660100
86660100
86660100
86660100
86950100
87070100
87070100
87100100
87100100
87100100
87100100
87120100
87120100
87420100
87420100
87610100
87650100
87670100
87670100
87700100
87910100
88170100
88250100
88290100
88360100
88360100
88510100
88700100
88700100
88730100
88730100
88730100
88730100
88750100
88830100
88900100
88920100
88950100
88950100
89070100
89070100
89110100
89110100
89220100
89280100
89280100
89280100
89430100
89570100
89580100
89640100
89640100
89840100
89840100
89840100
89900100
89900100
89950100
90160100
90190100
90240100
90300100
90490100
90570100
90860100
90860100
91000100
91240100
91240100
91240100
91300100
91300100
91340100
91340100
91450100
91450100
91450100
91450100
91450100
91450100
91450100
91450100
91450100
91450100
91450100
91450100
91460100
91460100
91670100
91830100
91830100
91980100
92290100
92330100
92330100
92400100
92490100
92490100
92490100
92490100
92490100
92490100
92490100
92490100
92490100
92490100
92650100
92760100
92760100
92870100
92910100
92910100
93090100
93300100
93300100
93370100
93370100
93500100
93570100
93600100
93670100
93670100
93880100
93890100
93980100
94400100
94420100
94420100
94440100
94600100
94670100
94670100
94670100
94680100
94680100
94720100
94810100
95040100
95250100
95250100
95460100
95460100
95500100
95500100
95530100
95820100
95820100
95950100
95950100
95950100
95980100
96050100
96130100
96130100
96300100
96310100
96910100
96910100
97050100
97050100
97140100
97140100
97440100
97490100
97490100
97530100
97610100
97620100
97620100
97660100
97670100
97680100
97680100
97770100
97770100
97770100
97770100
97800100
97880100
97930100
98180100
98190100
98340100
98530100
98560100
99030100
99030100
99030100
99030100
99030100
99030100
99030100
99030100
99030100
99030100
99130100
99420100
99420100
99420100
99630100
99690100
99830100
100150100
100330100
100330100
100330100
100330100
100330100
100330100
100330100
100330100
100370100
100370100
100410100
100460100
100600100
100700100
100730100
100730100
100750100
100750100
100950100
100970100
100980100
100980100
100990100
101070100
101260100
101490100
101550100
101620100
101990100
101990100
101990100
101990100
101990100
101990100
101990100
102150100
102150100
102550100
102550100
102860100
103150100
103150100
103170100
103170100
103430100
103790100
103830100
104050100
104060100
104060100
104060100
104070100
104180100
104180100
104180100
104250100
104330100
104420100
104430100
104560100
104560100
104560100
104560100
104740100
104740100
104890100
105000100
105130100
105240100
105240100
105240100
105270100
105270100
105270100
105270100
105290100
105290100
105290100
105300100
105300100
105320100
105320100
105330100
105360100
105370100
105370100
105410100
105410100
105420100
105420100
105420100
105420100
105680100
105950100
106280100
106780100
106790100
106810100
106810100
106850100
106850100
106860100
106920100
106920100
107060100
107060100
107060100
107130100
107210100
107330100
107550100
107710100
107710100
107710100
107740100
107750100
107750100
107750100
107750100
107800100
107800100
107880100
107880100
107880100
107900100
107900100
107900100
107900100
107950100
107980100
108070100
108350100
108350100
108350100
108370100
108370100
108640100
108640100
108740100
108740100
108740100
108930100
108970100
109080100
109100100
109100100
109340100
109340100
109340100
109340100
109340100
109340100
109340100
109340100
109520100
109520100
109520100
109520100
109520100
109520100
109670100
109670100
109670100
109690100
109690100
109700100
109710100
109710100
109710100
109740100
109740100
109740100
109740100
109830100
109830100
109830100
109900100
109900100
109990100
110040100
110150100
110350100
110350100
110410100
110410100
110420100
110420100
110420100
110420100
110420100
110740100
110740100
110780100
110780100
110840100
110850100
110860100
110870100
110900100
110900100
110900100
111060100
111060100
111070100
111080100
111080100
111080100
111080100
111080100
111140100
111140100
111140100
111140100
111170100
111170100
111180100
111180100
111280100
111280100
111290100
111460100
111460100
111460100
111460100
111470100
111490100
111610100
111630100
111660100
111660100
111660100
111660100
111660100
111660100
111660100
111670100
111670100
111670100
111680100
111700100
111700100
111830100
111830100
111830100
111860100
111860100
111870100
111870100
111880100
111880100
111880100
111900100
111900100
111950100
111950100
112190100
112190100
112260100
112300100
112300100
112310100
112340100
112340100
112360100
112420100
112430100
112440100
112440100
112440100
112440100
112440100
112540100
112540100
112540100
112540100
112570100
112590100
112640100
112680100
112930100
113200100
113330100
113330100
113400100
113440100
113510100
113710100
113710100
113710100
114060100
114060100
114060100
114230100
114270100
114370100
114370100
114370100
114370100
114370100
114440100
114440100
114690100
114810100
114810100
114820100
114840100
114840100
114840100
114840100
115110100
115110100
115140100
115320100
115330100
115330100
115330100
115330100
115420100
115420100
115420100
115420100
115420100
115430100
115430100
115470100
115660100
115700100
115700100
115710100
115710100
115710100
116050100
116120100
116120100
116180100
116220100
116240100
116510100
116510100
116510100
116630100
116680100
116790100
116790100
117300100
117390100
117590100
117590100
117810100
117920100
117960100
118060100
118260100
118330100
118550100
118550100
118610100
118610100
118680100
118680100
118680100
118940100
119020100
119020100
119170100
119170100
119340100
119340100
119340100
119340100
119960100
120120100
120120100
120330100
120400100
120400100
120790100
120790100
120790100
120790100
121300100
121460100
121460100
121460100
121460100
121650100
121650100
121680100
121730100
121810100
121880100
121880100
121880100
122030100
122030100
122030100
122030100
122030100
122030100
122030100
122040100
122040100
122190100
122190100
122190100
122190100
122480100
122480100
122480100
122480100
122480100
122480100
122570100
122820100
122820100
122890100
123090100
123090100
123090100
123090100
123090100
123120100
123120100
123120100
123520100
124040100
124040100
124080100
124080100
124080100
124080100
124140100
124140100
124140100
124140100
124300100
124300100
124300100
124300100
124320100
124320100
124670100
124670100
124750100
124750100
124750100
124810100
124890100
124890100
124890100
124890100
124890100
124990100
125100100
125100100
125160100
125160100
125350100
125350100
125740100
125850100
125870100
125920100
126210100
126410100
126410100
126540100
126600100
126600100
126650100
126650100
126650100
126650100
126660100
126660100
126680100
126690100
126690100
126690100
126690100
126690100
128670100
128670100
128770100
128770100
128860100
128900100
128920100
128920100
129030100
129030100
129030100
129110100
129110100
129120100
129160100
129200100
129200100
129270100
129270100
129270100
129270100
129530100
129530100
129570100
129570100
129600100
129620100
129670100
129670100
129720100
129750100
129760100
129770100
129770100
129770100
129780100
129810100
129820100
129820100
129840100
129840100
129860100
129880100
129880100
129890100
129930100
129930100
129930100
129930100
129930100
129950100
129950100
129960100
129960100
129990100
130020100
130050100
130090100
130100100
130150100
130160100
130160100
130170100
130180100
130180100
130190100
130220100
130270100
130270100
130300100
130300100
130300100
130310100
130310100
130310100
130320100
130350100
130350100
130360100
130380100
130390100
130390100
130390100
130410100
130420100
130430100
130430100
130480100
130480100
130480100
130520100
130520100
130540100
130600100
130600100
130630100
130680100
130820100
130880100
130920100
131030100
131030100
131080100
131100100
131140100
131140100
131230100
131230100
131240100
131440100
131480100
131950100
132060100
132060100
132060100
132190100
132220100
132220100
132230100
132230100
132320100
132320100
132320100
132320100
132320100
132320100
132420100
132420100
132740100
132740100
132890100
132890100
133010100
133010100
133160100
133160100
133160100
133250100
133250100
133340100
133430100
133710100
133710100
133710100
133710100
133710100
133710100
133710100
133850100
133880100
133880100
133910100
133950100
133950100
133950100
133950100
133950100
133950100
133950100
133970100
133970100
133970100
133970100
133970100
133970100
133970100
134090100
134090100
134120100
134120100
134120100
134120100
134120100
134170100
134230100
134230100
134230100
134250100
134250100
134250100
134360100
134360100
134390100
134470100
134470100
134540100
134550100
134560100
134560100
134570100
134570100
134570100
134570100
134620100
134620100
134620100
134650100
134650100
134660100
134660100
134670100
134670100
134690100
134690100
134690100
134750100
134750100
134750100
134750100
134770100
134770100
134830100
134840100
134840100
134950100
134950100
134950100
135010100
135010100
135010100
135120100
135120100
135240100
135240100
135240100
135240100
135240100
135540100
135540100
135540100
135680100
135760100
135770100
135800100
135800100
135920100
135940100
135940100
135990100
136090100
136110100
136110100
136110100
136340100
136390100
136560100
136560100
136620100
136620100
136620100
136620100
136790100
136790100
136790100
136850100
136850100
137000100
137040100
137300100
137300100
137300100
137300100
137400100
137400100
137470100
137470100
137510100
137570100
137600100
137600100
137610100
137680100
137680100
137830100
137830100
137840100
137840100
137840100
137940100
138030100
138030100
138030100
138040100
138040100
138040100
138070100
138130100
138140100
138140100
138140100
138160100
138160100
138160100
138340100
138340100
138420100
138420100
138430100
138890100
138920100
138960100
138960100
138980100
138990100
139000100
139000100
139000100
139000100
139010100
139010100
139020100
139030100
139030100
139030100
139050100
139050100
139070100
139070100
139070100
139070100
139150100
139220100
139220100
139250100
139280100
139280100
139280100
139330100
139410100
139410100
139410100
139420100
139440100
139470100
139480100
139480100
139480100
139480100
139480100
139480100
139480100
139510100
139520100
139520100
139520100
139560100
139560100
139560100
139590100
139590100
139590100
139590100
139600100
139600100
139600100
139640100
139640100
139660100
139720100
139770100
139770100
139770100
139770100
139770100
139790100
139810100
139810100
139810100
139860100
139860100
139960100
139960100
139970100
139980100
139980100
139980100
139990100
139990100
139990100
140030100
140030100
140060100
140080100
140080100
140080100
140100100
140120100
140130100
140130100
140150100
140180100
140210100
140210100
140240100
140260100
140270100
140270100
140270100
140280100
140280100
140280100
140280100
140300100
140300100
140300100
140330100
140350100
140350100
140440100
140440100
140470100
140530100
140530100
140540100
140550100
140550100
140560100
140560100
140580100
140580100
140600100
140600100
140600100
140610100
140610100
140620100
140620100
140620100
140620100
140660100
140660100
140680100
140710100
140710100
140720100
140720100
140750100
140750100
140750100
140750100
140790100
140810100
140810100
140850100
140860100
140860100
140940100
140940100
140960100
140960100
140960100
140980100
141030100
141030100
141030100
141130100
141170100
141190100
141190100
141190100
141220100
141280100
141310100
141310100
141310100
141380100
141400100
141410100
141410100
141430100
141430100
141440100
141500100
141500100
141500100
141540100
141550100
141550100
141550100
141550100
141580100
141580100
141620100
141680100
141700100
141700100
141710100
141710100
141710100
141710100
141730100
141730100
141760100
141760100
141800100
141800100
141810100
141810100
141810100
141870100
141880100
141880100
141880100
141880100
141880100
141940100
141940100
142000100
142000100
142000100
142000100
142000100
142040100
142040100
142100100
142100100
142110100
142160100
142190100
142190100
142190100
142200100
142230100
142230100
142230100
142230100
142240100
142240100
142260100
142280100
142280100
142320100
142320100
142340100
142340100
142370100
142380100
142420100
142420100
142430100
142430100
142430100
142490100
142500100
142500100
142500100
142540100
142570100
142640100
142670100
142670100
142670100
142690100
142690100
142690100
142700100
142700100
142700100
142710100
142710100
142830100
142880100
142910100
142920100
142930100
142940100
142940100
142980100
143000100
143010100
143020100
143020100
143060100
143070100
143070100
143090100
143160100
143190100
143190100
143190100
143190100
143300100
143300100
143360100
143360100
143360100
143360100
143360100
143360100
143400100
143400100
143410100
143420100
143420100
143440100
143460100
143460100
143460100
143460100
143470100
143500100
143540100
143550100
143560100
143560100
143580100
143590100
143600100
143600100
143620100
143640100
143650100
143660100
143660100
143670100
143670100
143680100
143690100
143700100
143700100
143700100
143710100
143760100
143780100
143810100
143810100
143810100
143810100
143830100
143830100
143840100
143850100
143850100
143850100
143850100
143850100
143860100
143870100
143870100
143870100
143870100
143880100
143880100
143880100
143890100
143890100
143900100
143910100
143920100
143920100
143930100
143930100
143930100
143940100
143950100
143950100
143960100
144130100
144130100
144150100
144150100
144180100
144180100
144180100
144180100
144190100
144190100
144200100
144200100
144200100
144320100
144320100
144320100
144320100
144360100
144360100
144370100
144370100
144370100
144480100
144480100
144490100
144710100
144710100
144730100
144730100
144730100
144730100
144750100
144750100
144750100
144790100
144790100
144790100
144800100
144820100
144830100
144860100
144890100
144890100
144890100
144920100
144920100
144930100
144930100
144930100
144940100
144940100
144970100
144990100
144990100
144990100
145010100
145030100
145030100
145040100
145040100
145040100
145050100
145070100
145070100
145070100
145090100
145130100
145130100
145130100
145130100
145130100
145140100
145140100
145140100
145200100
145200100
145230100
145240100
145240100
145240100
145260100
145280100
145280100
145280100
145280100
145300100
145310100
145310100
145310100
145340100
145370100
145370100
145370100
145380100
145410100
145410100
145440100
145450100
145470100
145470100
145490100
145500100
145510100
145520100
145520100
145520100
145580100
145620100
145620100
145620100
145660100
145660100
145660100
145710100
145710100
145790100
145790100
145790100
145860100
145860100
145860100
145920100
145970100
146000100
146040100
146040100
146090100
146120100
146130100
146130100
146170100
146200100
146200100
146200100
146200100
146210100
146210100
146210100
146210100
146240100
146250100
146250100
146300100
146300100
146310100
146360100
146430100
146430100
146440100
146440100
146480100
146480100
146480100
146510100
146540100
146620100
146620100
146620100
146630100
146640100
146640100
146640100
146640100
146680100
146680100
146680100
146700100
146700100
146720100
146720100
146740100
146740100
146740100
146740100
146870100
146870100
146870100
146890100
146890100
146890100
146890100
146900100
146900100
146900100
146900100
146970100
146970100
147020100
147020100
147020100
147040100
147040100
147060100
147090100
147140100
147140100
147180100
147180100
147200100
147200100
147270100
147300100
147300100
147350100
147350100
147410100
147410100
147410100
147410100
147420100
147430100
147430100
147430100
147430100
147490100
147490100
147510100
147590100
147600100
147600100
147600100
147600100
147680100
147680100
147680100
147690100
147690100
147720100
147720100
147720100
147730100
147730100
147780100
147780100
147780100
147780100
147990100
148020100
148030100
148050100
148100100
148100100
148100100
148100100
148150100
148180100
148180100
148190100
148190100
148310100
148310100
148310100
148380100
148380100
148390100
148410100
148440100
148440100
148530100
148530100
148540100
148540100
148600100
148600100
148650100
148690100
148690100
148690100
148700100
148700100
148700100
148700100
148700100
148740100
148760100
148760100
148760100
148770100
148780100
148790100
148790100
148800100
148800100
148800100
148830100
148830100
148830100
148840100
148840100
148840100
148850100
148870100
148900100
148970100
148970100
149050100
149070100
149070100
149070100
149070100
149070100
149080100
149160100
149160100
149160100
149160100
149180100
149290100
149290100
149300100
149310100
149340100
149340100
149340100
149370100
149440100
149450100
149450100
149460100
149460100
149460100
149470100
149470100
149470100
149470100
149480100
149480100
149480100
149480100
149500100
149500100
149520100
149540100
149600100
149600100
149610100
149610100
149620100
149620100
149620100
149620100
149650100
149650100
149650100
149670100
149680100
149680100
149680100
149680100
149800100
149840100
149850100
149850100
149880100
149880100
149940100
149970100
149970100
150000100
150050100
150050100
150050100
150060100
150060100
150080100
150140100
150150100
150150100
150270100
150310100
150310100
150320100
150320100
150320100
150330100
150330100
150390100
150390100
150390100
150440100
150440100
150440100
150440100
150450100
150450100
150480100
150480100
150510100
150510100
150510100
150510100
150530100
150540100
150570100
150570100
150610100
150620100
150620100
150630100
150680100
150680100
150710100
150710100
150740100
150770100
150770100
150770100
150790100
150810100
150810100
150810100
150820100
150820100
150820100
150820100
150850100
150860100
150860100
150860100
150920100
150920100
150960100
150960100
150970100
151040100
151040100
151050100
151130100
151130100
151140100
151140100
151150100
151150100
151150100
151300100
151300100
151380100
151380100
151380100
151380100
151390100
151620100
151620100
151640100
151660100
151660100
151660100
151660100
151660100
151700100
151720100
151730100
151860100
151860100
151860100
151970100
151970100
151980100
151980100
151980100
152220100
152250100
152250100
152250100
152270100
152350100
152350100
152360100
152370100
152370100
152420100
152420100
152470100
152470100
152470100
152520100
152520100
152520100
152520100
152520100
152540100
152540100
152540100
152620100
152630100
152640100
152640100
152640100
152660100
152660100
152670100
152670100
152670100
152700100
152710100
152710100
152710100
152710100
152720100
152720100
152760100
152760100
152760100
152760100
152780100
152900100
152900100
152930100
152930100
152930100
152950100
152960100
152960100
152980100
152980100
152990100
152990100
153010100
153010100
153040100
153040100
153040100
153040100
153070100
153070100
153070100
153070100
153070100
153090100
153090100
153150100
153200100
153220100
153220100
153230100
153230100
153370100
153370100
153450100
153460100
153520100
153520100
153540100
153560100
153570100
153580100
153580100
153580100
153590100
153590100
153600100
153660100
153700100
153730100
153750100
153770100
153770100
153770100
153770100
153800100
153850100
153850100
154000100
154000100
155070100
155360100
155360100
155410100
155410100
155410100
155460100
155460100
155930100
155960100
155960100
155990100
156920100
156920100
156920100
157550100
157550100
157820100
157820100
158040100
158040100
158040100
158090100
158100100
158140100
158150100
158190100
158310100
158310100
158360100
158400100
158400100
158430100
158470100
158490100
158490100
158490100
158500100
158680100
158680100
158690100
158690100
158710100
158710100
158810100
158810100
158860100
158870100
158890100
158890100
158900100
158950100
159020100
159020100
159180100
159180100
159230100
159580100
159580100
159630100
159640100
159670100
159720100
159790100
159820100
159820100
159950100
159950100
159950100
159970100
159970100
159970100
159970100
159990100
160000100
160030100
160240100
160260100
160260100
160260100
160300100
160320100
160330100
160330100
160330100
160440100
160470100
160480100
160480100
160480100
160480100
160510100
160510100
160540100
160590100
160640100
160660100
160750100
160750100
160750100
160750100
160830100
160830100
160830100
160870100
161000100
161030100
161030100
161030100
161030100
161030100
161080100
161110100
161140100
161240100
161240100
161240100
161260100
161350100
161390100
161390100
161430100
161430100
161500100
161500100
161500100
161500100
161500100
161510100
161510100
161530100
161530100
161710100
161720100
161720100
161720100
161750100
161780100
161800100
161800100
161800100
161860100
161860100
161990100
161990100
162020100
162050100
162070100
162070100
162080100
162080100
162120100
162190100
162190100
162240100
162250100
162250100
162260100
162260100
162350100
162350100
162420100
162420100
162450100
162560100
162560100
162660100
162660100
162750100
162800100
162800100
162840100
162840100
162840100
162900100
162900100
162910100
162910100
162940100
162940100
162940100
162950100
162950100
162960100
162980100
162990100
162990100
162990100
163010100
163010100
163120100
163130100
163130100
163140100
163140100
163170100
163170100
163220100
163250100
163250100
163320100
163320100
163380100
163380100
163380100
163380100
163420100
163420100
163420100
163420100
163420100
163460100
163460100
163470100
163490100
163510100
163720100
163740100
163740100
163740100
163750100
163750100
163750100
163770100
163790100
163800100
163880100
163880100
163880100
163880100
163980100
164050100
164050100
164050100
164050100
164120100
164120100
164120100
164120100
164140100
164140100
164140100
164220100
164220100
164250100
164250100
164370100
164370100
164380100
164380100
164430100
164430100
164460100
164480100
164480100
164510100
164520100
164520100
164520100
164540100
164910100
164910100
165000100
165000100
165060100
165060100
165120100
165120100
165120100
165120100
165160100
165160100
165160100
165190100
165260100
165260100
165290100
165300100
165300100
165320100
165320100
165320100
165350100
165390100
165390100
165390100
165420100
165500100
165850100
165870100
165890100
165890100
165890100
165930100
166000100
166000100
166000100
166000100
166050100
166050100
166060100
166240100
166240100
166240100
166240100
166340100
166340100
166540100
166540100
166550100
166590100
166590100
166680100
166690100
166690100
166690100
166690100
166700100
166710100
166710100
166770100
166770100
167010100
167010100
167010100
167170100
167170100
167170100
167200100
167200100
167200100
167200100
167200100
167200100
167220100
167220100
167220100
167400100
167400100
167410100
167420100
167430100
167440100
167440100
167480100
167480100
167660100
167840100
167840100
167880100
167880100
167880100
167960100
168140100
168140100
168140100
168210100
168210100
168220100
168220100
168220100
168250100
168250100
168250100
168300100
168310100
168320100
168330100
168330100
168340100
168350100
168350100
168350100
168350100
168350100
168380100
168400100
168410100
168410100
168430100
168490100
168510100
168560100
168560100
168560100
168560100
168580100
168580100
168610100
168670100
168670100
168680100
168700100
168710100
168710100
168800100
168840100
168840100
168910100
168910100
168920100
168960100
168980100
168980100
169010100
169010100
169040100
169040100
169040100
169040100
169040100
169060100
169100100
169110100
169120100
169220100
169240100
169260100
169310100
169340100
169340100
169350100
169370100
169370100
169370100
169440100
169440100
169440100
169450100
169450100
169450100
169450100
169450100
169470100
169490100
169490100
169550100
169560100
169560100
170060100
170060100
170060100
170060100
170110100
170110100
170130100
170130100
170210100
170210100
170290100
170290100
170300100
170350100
170350100
170410100
170490100
170490100
170490100
170490100
170550100
170550100
170550100
170550100
170650100
170650100
170650100
170690100
170690100
170870100
170870100
170950100
170960100
170960100
170980100
170980100
171060100
171090100
171130100
171240100
171240100
171330100
171330100
171330100
171340100
171340100
171350100
171360100
171360100
171380100
171410100
171470100
171600100
171640100
171700100
171700100
171840100
171970100
171980100
171980100
172000100
172100100
172100100
172100100
172230100
172230100
172230100
172230100
172350100
172350100
172420100
172420100
172460100
172530100
172530100
172530100
172530100
172550100
172550100
172600100
172620100
172620100
172630100
172630100
172630100
172700100
172700100
172700100
172760100
172770100
172820100
172850100
172860100
172880100
172880100
172890100
172890100
172890100
172980100
172990100
173010100
173010100
173030100
173030100
173090100
173090100
173090100
173120100
173120100
173120100
173200100
173200100
173200100
173200100
173200100
173250100
173250100
173260100
173340100
173350100
173350100
173350100
173350100
173420100
173420100
173510100
173510100
173590100
173600100
173660100
173660100
173670100
173770100
173770100
173770100
173840100
173840100
173850100
173850100
173860100
173860100
173890100
173980100
173980100
173980100
173980100
173980100
174030100
174050100
174050100
174070100
174120100
174120100
174150100
174170100
174170100
174220100
174280100
174280100
174290100
174290100
174330100
174330100
174380100
174420100
174420100
174520100
174640100
174670100
174670100
174670100
174760100
174760100
174770100
174770100
174800100
174860100
174860100
174860100
174860100
174930100
174950100
174960100
174990100
174990100
175000100
175010100
175050100
175110100
175110100
175230100
175230100
175230100
175230100
175240100
175250100
175250100
175260100
175260100
175270100
175270100
175280100
175280100
175280100
175290100
175290100
175290100
175300100
175300100
175300100
175330100
175330100
175330100
175330100
175350100
175600100
175610100
175620100
175620100
175620100
175640100
175650100
175650100
175670100
175670100
175700100
175700100
175700100
175770100
175770100
175770100
175850100
175850100
175920100
175990100
175990100
176050100
176070100
176070100
176070100
176110100
176110100
176130100
176130100
176180100
176180100
176190100
176190100
176370100
176370100
176370100
176370100
176420100
176420100
176420100
176420100
176420100
176500100
176540100
176540100
176580100
176580100
176580100
176580100
176590100
176610100
176610100
176610100
176610100
176610100
176620100
176670100
176670100
176710100
176720100
176720100
176730100
176730100
176730100
176730100
176740100
176820100
176820100
176820100
176870100
176870100
176870100
176870100
176870100
176940100
176940100
176950100
176960100
176960100
176960100
176960100
176960100
176960100
177020100
177020100
177030100
177040100
177140100
177290100
177290100
177330100
177330100
177330100
177440100
177440100
177440100
177500100
177550100
177560100
177560100
177560100
177560100
177620100
177620100
177640100
177640100
177650100
177650100
177730100
177730100
177800100
177800100
177800100
177820100
177820100
177890100
177890100
177910100
177910100
177970100
177970100
177970100
177990100
178000100
178000100
178090100
178090100
178260100
178260100
178270100
178270100
178290100
178300100
178310100
178310100
178320100
178520100
178520100
178540100
178620100
178620100
178620100
178640100
178640100
178640100
178660100
179020100
179020100
179020100
179140100
179140100
179140100
179150100
179150100
179210100
179310100
179360100
179360100
179460100
179490100
179510100
179510100
179510100
179510100
179520100
179540100
179590100
179610100
179610100
179650100
179650100
179660100
179660100
179680100
179680100
179710100
179710100
179730100
179780100
179780100
179790100
179790100
179970100
180050100
180070100
180070100
180070100
180070100
180200100
180210100
180210100
180210100
180240100
180240100
180330100
180330100
180340100
180350100
180370100
180380100
180440100
180440100
180440100
180450100
180450100
180480100
180480100
180480100
180480100
180480100
180490100
180520100
180520100
180520100
180550100
180550100
180550100
180550100
180550100
180550100
180590100
180590100
180620100
180620100
180630100
180630100
180630100
180680100
180680100
180710100
180710100
180710100
180860100
180860100
180860100
180860100
180900100
180900100
180900100
180900100
180900100
180920100
180970100
180980100
181150100
181150100
181150100
181150100
181240100
181290100
181290100
181290100
181360100
181400100
181400100
181400100
181400100
181410100
181410100
181410100
181410100
181500100
181520100
181540100
181540100
181540100
181550100
181560100
181560100
181560100
181590100
181610100
181610100
181610100
181610100
181710100
181770100
181770100
181890100
181890100
181920100
181920100
181920100
181920100
181960100
181980100
181980100
181990100
181990100
182000100
182000100
182060100
182110100
182110100
182140100
182140100
182170100
182220100
182250100
182310100
182320100
182320100
182320100
182380100
182530100
182590100
182590100
182600100
182600100
182600100
182600100
182650100
182650100
182660100
182660100
182700100
182740100
182750100
182750100
182820100
182960100
182960100
182960100
182960100
182960100
182970100
182970100
183040100
183100100
183100100
183190100
183190100
183290100
183290100
183290100
183320100
183340100
183340100
183360100
183370100
183410100
183410100
183460100
183460100
183530100
183530100
183530100
183530100
183670100
183670100
183670100
183680100
183680100
183680100
183700100
183700100
183740100
183740100
183740100
183800100
183800100
183810100
183810100
183810100
183810100
183830100
183830100
183830100
183830100
183850100
183850100
183850100
183850100
183860100
183860100
184070100
184070100
184080100
184080100
184130100
184160100
184190100
184190100
184190100
184190100
184200100
184370100
184370100
184380100
184380100
184430100
184430100
184430100
184530100
184530100
184530100
184530100
184600100
184660100
184670100
184670100
184680100
184690100
184690100
184700100
184760100
184860100
184920100
184920100
184970100
184970100
184970100
184970100
184970100
185000100
185020100
185040100
185040100
185050100
185050100
185050100
185060100
185060100
185060100
185070100
185070100
185120100
185120100
185120100
185150100
185150100
185150100
185150100
185160100
185160100
185160100
185230100
185230100
185250100
185250100
185390100
185390100
185400100
185400100
185400100
185410100
185410100
185410100
185410100
185530100
185530100
185570100
185570100
185570100
185630100
185630100
185630100
185660100
185660100
185660100
185660100
185670100
185680100
185680100
185680100
185680100
185720100
185720100
185720100
185740100
185740100
185740100
185760100
185940100
185960100
185960100
185960100
185960100
186070100
186070100
186100100
186100100
186120100
186120100
186120100
186130100
186140100
186160100
186160100
186170100
186180100
186200100
186210100
186210100
186210100
186220100
186230100
186230100
186230100
186260100
186280100
186440100
186500100
186520100
186520100
186520100
186520100
186560100
186560100
186590100
186610100
186630100
186630100
186640100
186650100
186650100
186650100
186660100
186660100
186660100
186670100
186670100
186700100
186850100
186850100
186850100
186850100
186890100
186890100
186890100
186900100
186900100
186900100
186910100
186910100
186920100
187050100
187050100
187050100
187050100
187090100
187110100
187140100
187140100
187180100
187200100
187200100
187220100
187260100
187260100
187260100
187260100
187350100
187360100
187360100
187430100
187430100
187430100
187470100
187470100
187510100
187510100
187520100
187530100
187550100
187560100
187560100
187600100
187620100
187620100
187650100
187650100
187700100
187730100
187740100
187740100
187740100
187760100
187760100
187770100
187780100
187850100
187850100
187930100
187970100
187990100
188020100
188030100
188030100
188040100
188040100
188040100
188040100
188040100
188200100
188200100
188200100
188210100
188220100
188220100
188310100
188310100
188330100
188370100
188380100
188380100
188400100
188400100
188400100
188420100
188420100
188430100
188440100
188450100
188450100
188460100
188480100
188600100
188650100
188650100
188660100
188660100
188670100
188670100
188680100
188920100
189020100
189070100
189080100
189080100
189080100
189080100
189170100
189260100
189310100
189360100
189360100
189360100
189400100
189400100
189420100
189420100
189430100
189430100
189460100
189460100
189460100
189460100
189570100
189570100
189660100
189720100
189730100
189730100
189730100
189730100
189810100
189870100
189910100
189930100
189940100
190020100
190020100
190030100
190040100
190040100
190110100
190110100
190110100
190120100
190130100
190230100
190230100
190230100
190370100
190400100
190400100
190650100
190650100
190760100
190770100
190780100
190790100
190790100
190800100
190810100
190820100
190820100
190830100
190830100
190840100
190840100
190930100
191060100
191160100
191190100
191190100
191200100
191200100
191210100
191210100
191400100
191520100
191550100
191550100
191590100
191600100
191600100
191820100
191820100
191830100
191850100
191860100
191860100
191860100
191900100
191910100
191940100
191940100
191970100
191970100
192040100
192040100
192040100
192040100
192130100
192260100
192260100
192280100
192280100
192280100
192280100
192320100
192320100
192320100
192330100
192330100
192340100
192490100
192490100
192490100
192490100
192510100
192510100
192580100
192610100
192660100
192660100
192690100
192690100
192700100
192700100
192720100
192730100
192730100
192730100
192760100
192760100
192800100
192800100
192800100
192800100
192820100
192840100
192840100
192840100
192840100
193050100
193060100
193060100
193100100
193100100
193110100
193110100
193110100
193110100
193220100
193220100
193220100
193240100
193240100
193250100
193300100
193300100
193300100
193300100
193320100
193320100
193330100
193330100
193330100
193340100
193340100
193420100
193420100
193420100
193450100
193450100
193450100
193470100
193470100
193470100
193490100
193490100
193490100
193530100
193650100
193720100
193720100
193720100
193780100
193780100
193780100
193780100
193800100
193800100
193800100
193810100
193820100
193910100
193910100
194020100
194030100
194030100
194030100
194070100
194070100
194100100
194110100
194110100
194130100
194140100
194140100
194140100
194140100
194150100
194150100
194220100
194220100
194240100
194240100
194240100
194250100
194520100
194520100
194540100
194560100
194570100
194690100
194690100
194720100
194730100
194730100
194730100
194740100
194740100
194740100
194750100
194750100
194760100
194760100
194790100
194800100
194800100
194840100
194920100
194930100
194930100
194950100
194960100
194960100
194960100
194980100
194980100
195020100
195050100
195090100
195100100
195110100
195110100
195120100
195120100
195150100
195310100
195310100
195330100
195350100
195350100
195360100
195430100
195430100
195440100
195440100
195460100
195460100
195460100
195460100
195470100
195470100
195480100
195480100
195570100
195580100
195580100
195590100
195600100
195620100
195620100
195620100
195630100
195630100
195670100
195740100
195740100
195740100
195740100
195820100
195860100
195860100
195860100
195860100
195890100
195910100
195910100
195920100
195940100
195940100
195940100
195940100
195940100
196040100
196040100
196040100
196160100
196160100
196170100
196170100
196170100
196180100
196180100
196180100
196190100
196200100
196200100
196270100
196280100
196330100
196330100
196330100
196330100
196380100
196380100
196380100
196380100
196400100
196400100
196400100
196440100
196440100
196470100
196470100
196470100
196480100
196480100
196480100
196490100
196500100
196560100
196560100
196590100
196800100
196910100
197000100
197000100
197000100
197010100
197010100
197010100
197040100
197060100
197060100
197070100
197070100
197070100
197150100
197150100
197150100
197170100
197170100
197170100
197250100
197250100
197280100
197280100
197280100
197280100
197310100
197310100
197340100
197420100
197430100
197430100
197430100
197460100
197530100
197530100
197700100
197710100
197720100
197720100
197720100
197720100
197890100
197910100
197910100
198260100
198260100
198280100
198280100
198350100
198430100
198430100
198470100
198470100
198480100
198480100
198630100
198630100
198630100
198640100
198640100
198720100
198730100
198730100
198790100
198800100
198800100
198810100
198810100
198840100
198840100
198920100
198920100
199050100
199050100
199050100
199080100
199080100
199080100
199090100
199090100
199090100
199160100
199170100
199200100
199200100
199200100
199200100
199220100
199220100
199420100
199460100
199460100
199590100
199590100
199590100
199590100
199640100
199670100
199670100
199680100
199720100
199720100
199740100
199740100
199770100
199770100
199780100
199780100
199780100
199790100
199800100
199800100
199800100
199800100
199820100
199820100
199820100
199830100
199830100
199830100
199940100
199940100
199940100
199940100
199970100
199970100
200010100
200020100
200020100
200020100
200030100
200030100
200030100
200030100
200040100
200040100
200060100
200060100
200060100
200070100
200090100
200220100
200220100
200220100
200270100
200370100
200380100
200400100
200410100
200410100
200410100
200410100
200420100
200420100
200430100
200430100
200470100
200470100
200580100
200590100
200590100
200610100
200620100
200750100
200750100
200750100
200820100
200820100
200830100
200840100
200840100
200850100
200860100
200870100
200870100
200900100
200900100
201080100
201170100
201170100
201180100
201210100
201210100
201330100
201330100
201330100
201330100
201470100
201470100
201510100
201520100
201520100
201520100
201530100
201530100
201530100
201540100
201540100
201540100
201540100
201550100
201560100
201560100
201570100
201570100
201570100
201570100
201580100
201580100
201580100
201580100
201590100
201630100
201640100
201640100
201650100
201650100
201650100
201650100
201670100
201670100
201690100
201690100
201770100
201770100
201800100
201800100
201800100
201840100
201840100
201840100
202010100
202030100
202030100
202040100
202070100
202070100
202070100
202070100
202180100
202180100
202190100
202190100
202200100
202200100
202220100
202220100
202220100
202250100
202250100
202250100
202280100
202280100
202350100
202360100
202390100
202430100
202430100
202430100
202460100
202470100
202550100
202550100
202570100
202570100
202630100
202630100
202630100
202630100
202720100
202730100
202730100
202770100
202770100
202800100
202800100
202800100
202800100
202970100
202980100
202980100
203000100
203000100
203040100
203040100
203040100
203060100
203100100
203100100
203110100
203110100
203120100
203130100
203130100
203250100
203270100
203300100
203300100
203300100
203320100
203350100
203350100
203350100
203400100
203400100
203400100
203410100
203420100
203420100
203440100
203460100
203460100
203470100
203470100
203470100
203470100
203500100
203500100
203500100
203520100
203520100
203520100
203600100
203600100
203670100
203690100
203720100
203720100
203720100
203730100
203760100
203850100
203850100
204010100
204010100
204010100
204030100
204040100
204040100
204110100
204120100
204120100
204130100
204130100
204140100
204170100
204170100
204170100
204190100
204210100
204220100
204230100
204230100
204230100
204230100
204260100
204260100
204260100
204270100
204270100
204270100
204280100
204280100
204280100
204280100
204290100
204290100
204300100
204300100
204330100
204330100
204340100
204340100
204340100
204340100
204350100
204350100
204350100
204350100
204360100
204360100
204360100
204390100
204430100
204470100
204470100
204470100
204570100
204570100
204580100
204610100
204660100
204660100
204670100
204670100
204670100
204730100
204730100
204780100
204780100
204800100
204800100
204810100
204810100
204810100
204840100
204850100
204850100
204850100
204850100
204860100
204860100
204870100
204880100
204900100
204900100
204910100
204910100
204910100
205050100
205050100
205100100
205110100
205120100
205120100
205190100
205190100
205200100
205200100
205220100
205300100
205430100
205480100
205510100
205510100
205510100
205520100
205580100
205580100
205580100
205580100
205620100
205620100
205670100
205670100
205670100
205720100
205720100
205750100
205900100
205900100
205930100
206010100
206010100
206030100
206030100
206030100
206040100
206040100
206070100
206070100
206100100
206100100
206100100
206120100
206120100
206140100
206250100
206250100
206250100
206270100
206270100
206270100
206300100
206300100
206350100
206350100
206360100
206360100
206370100
206370100
206380100
206380100
206380100
206390100
206390100
206390100
206400100
206400100
206410100
206410100
206420100
206430100
206430100
206430100
206430100
206450100
206450100
206460100
206460100
206460100
206470100
206500100
206620100
206660100
206680100
206710100
206720100
206720100
206730100
206730100
206730100
206740100
206740100
206750100
206750100
206790100
206790100
206790100
206950100
206990100
207000100
207050100
207050100
207050100
207090100
207090100
207130100
207130100
207140100
207140100
207150100
207160100
207160100
207160100
207180100
207180100
207220100
207240100
207330100
207380100
207380100
207380100
207430100
207430100
207430100
207430100
207440100
207520100
207530100
207540100
207550100
207550100
207560100
207570100
207570100
207580100
207580100
207590100
207610100
207610100
207710100
207710100
207760100
207770100
207780100
207810100
207960100
207990100
207990100
208050100
208050100
208110100
208130100
208160100
208330100
208330100
208490100
208490100
208490100
208510100
208510100
208520100
208530100
208530100
208550100
208580100
208580100
208620100
208620100
208620100
208620100
208650100
208680100
208680100
208680100
208680100
208690100
208690100
208690100
208690100
208700100
208730100
208760100
208760100
208820100
208820100
208820100
208840100
208840100
208840100
208860100
208860100
208860100
208910100
208910100
208930100
208980100
208980100
208980100
208990100
208990100
208990100
208990100
209000100
209070100
209070100
209070100
209080100
209140100
209170100
209180100
209180100
209200100
209230100
209230100
209230100
209250100
209250100
209270100
209270100
209300100
209300100
209310100
209310100
209310100
209320100
209330100
209380100
209380100
209390100
209460100
209470100
209470100
209600100
209600100
209600100
209600100
209910100
209920100
209930100
209930100
209940100
209940100
209950100
209960100
209960100
209960100
209990100
209990100
210010100
210010100
210040100
210040100
210050100
210050100
210050100
210170100
210170100
210170100
210180100
210180100
210210100
210220100
210220100
210240100
210240100
210240100
210250100
210250100
210250100
210250100
210270100
210380100
210380100
210380100
210380100
210450100
210500100
210540100
210540100
210550100
210550100
210570100
210600100
210600100
210610100
210650100
210650100
210670100
210780100
210820100
210820100
210840100
210840100
210940100
210970100
210970100
211010100
211040100
211040100
211100100
211130100
211140100
211140100
211230100
211260100
211260100
211260100
211270100
211270100
211280100
211280100
211340100
211340100
211360100
211370100
211380100
211390100
211410100
211410100
211450100
211450100
211450100
211700100
211700100
211720100
211730100
211730100
211750100
211750100
211870100
211870100
211870100
211890100
211890100
211910100
211960100
211960100
211980100
212010100
212010100
212020100
212020100
212020100
212020100
212050100
212050100
212070100
212070100
212070100
212080100
212080100
212090100
212120100
212120100
212140100
212140100
212170100
212170100
212190100
212210100
212210100
212210100
212210100
212220100
212290100
212330100
212370100
212370100
212390100
212390100
212410100
212450100
212450100
212450100
212530100
212680100
212680100
212690100
212700100
212700100
212710100
212710100
212710100
212720100
212720100
212730100
212750100
212750100
212790100
212800100
212880100
212880100
212940100
212940100
212970100
212970100
212990100
212990100
213030100
213030100
213160100
213160100
213200100
213240100
213240100
213240100
213350100
213350100
213370100
213370100
213370100
213390100
213390100
213440100
213440100
213470100
213470100
213490100
213520100
213520100
213540100
213550100
213550100
213560100
213680100
213680100
213690100
213710100
213710100
213710100
213710100
213810100
213810100
213810100
213810100
213830100
213830100
213830100
213830100
213840100
213840100
213880100
213880100
213890100
213920100
213930100
213930100
213940100
213940100
213940100
213940100
213960100
213960100
213960100
214200100
214200100
214220100
214230100
214230100
214240100
214240100
214240100
214260100
214340100
214340100
214410100
214410100
214410100
214410100
214450100
214460100
214460100
214460100
214460100
214470100
214470100
214520100
214530100
214560100
214560100
214560100
214570100
214600100
214610100
214610100
214620100
214630100
214650100
214650100
214650100
214650100
214660100
214660100
214670100
214670100
214720100
214720100
214730100
214730100
214750100
214750100
214750100
214750100
214760100
214760100
214770100
214770100
214810100
214810100
214830100
214830100
214830100
214930100
214930100
214940100
214940100
214960100
214960100
214960100
214960100
214970100
214990100
215010100
215010100
215010100
215020100
215020100
215030100
215030100
215080100
215120100
215120100
215130100
215180100
215180100
215180100
215190100
215240100
215240100
215260100
215330100
215340100
215340100
215360100
215370100
215370100
215380100
215390100
215390100
215390100
215390100
215430100
215430100
215480100
215510100
215510100
215520100
215520100
215520100
215540100
215540100
215540100
215630100
215890100
215900100
215920100
215930100
215930100
215930100
215930100
215960100
215960100
215990100
215990100
215990100
215990100
216020100
216020100
216030100
216030100
216160100
216160100
216280100
216280100
216280100
216280100
216310100
216330100
216400100
216400100
216410100
216410100
216410100
216410100
216420100
216420100
216420100
216420100
216510100
216510100
216580100
216600100
216610100
216690100
216730100
216730100
216730100
216730100
216740100
216740100
216750100
216750100
216770100
216850100
216860100
216860100
216870100
216910100
216990100
216990100
217010100
217010100
217010100
217030100
217060100
217100100
217130100
217150100
217150100
217160100
217160100
217170100
217200100
217200100
217230100
217230100
217230100
217240100
217240100
217240100
217240100
217320100
217320100
217330100
217330100
217380100
217380100
217450100
217450100
217460100
217460100
217460100
217460100
217600100
217610100
217620100
217620100
217650100
217650100
217650100
217650100
217830100
217830100
217870100
217870100
217870100
217960100
217960100
217960100
218010100
218010100
218030100
218030100
218030100
218030100
218040100
218070100
218070100
218070100
218090100
218100100
218100100
218110100
218170100
218170100
218260100
218260100
218260100
218270100
218270100
218270100
218270100
218280100
218310100
218310100
218320100
218320100
218330100
218330100
218330100
218390100
218390100
218450100
218450100
218460100
218530100
218530100
218570100
218570100
218570100
218590100
218590100
218590100
218590100
218600100
218600100
218610100
218640100
218640100
218650100
218650100
218670100
218690100
218690100
218700100
218700100
218720100
218730100
218730100
218740100
218850100
218850100
218850100
218900100
218900100
218940100
218940100
218990100
218990100
219020100
219040100
219140100
219150100
219210100
219230100
219230100
219230100
219310100
219320100
219320100
219320100
219320100
219330100
219330100
219330100
219380100
219390100
219390100
219390100
219520100
219570100
219570100
219580100
219580100
219600100
219760100
219760100
219910100
219910100
219910100
219970100
219970100
220010100
220020100
220040100
220050100
220050100
220060100
220060100
220060100
220070100
220070100
220070100
220080100
220090100
220090100
220090100
220100100
220100100
220100100
220100100
220110100
220120100
220130100
220130100
220130100
220150100
220150100
220190100
220190100
220200100
220230100
220230100
220230100
220230100
220240100
220240100
220240100
220250100
220250100
220250100
220260100
220350100
220350100
220350100
220430100
220440100
220440100
220450100
220450100
220460100
220460100
220470100
220470100
220480100
220480100
220510100
220510100
220510100
220550100
220550100
220630100
220630100
220630100
220630100
220680100
220750100
220760100
220800100
220850100
220850100
220860100
220950100
220950100
220950100
220970100
220990100
220990100
220990100
220990100
221010100
221010100
221030100
221030100
221030100
221100100
221110100
221110100
221120100
221120100
221120100
221120100
221130100
221130100
221130100
221180100
221180100
221180100
221180100
221200100
221200100
221210100
221210100
221230100
221260100
221260100
221290100
221290100
221300100
221340100
221360100
221380100
221380100
221380100
221380100
221400100
221400100
221420100
221420100
221430100
221430100
221450100
221450100
221470100
221470100
221550100
221550100
221560100
221560100
221560100
221560100
221570100
221570100
221570100
221570100
221610100
221610100
221610100
221630100
221630100
221630100
221690100
221690100
221690100
221730100
221730100
221730100
221740100
221750100
221760100
221760100
221760100
221770100
221770100
221770100
221820100
221940100
221940100
221970100
222040100
222050100
222070100
222070100
222070100
222070100
222090100
222110100
222110100
222130100
222130100
222130100
222200100
222200100
222200100
222220100
222220100
222240100
222240100
222240100
222290100
222290100
222290100
222410100
222410100
222470100
222470100
222470100
222470100
222480100
222480100
222530100
222610100
222630100
222690100
222690100
222690100
222690100
222740100
222740100
222750100
222750100
222750100
222800100
222800100
222880100
222890100
222890100
222890100
222900100
222920100
222920100
222930100
222930100
222930100
222940100
223030100
223040100
223100100
223100100
223140100
223140100
223140100
223140100
223160100
223160100
223160100
223170100
223200100
223230100
223240100
223240100
223240100
223240100
223440100
223440100
223460100
223460100
223460100
223470100
223470100
223550100
223560100
223600100
223610100
223650100
223650100
223650100
223650100
223690100
223690100
223720100
223720100
223840100
223840100
223840100
223860100
223860100
223890100
223950100
223950100
223950100
224050100
224050100
224050100
224050100
224060100
224060100
224110100
224110100
224110100
224110100
224130100
224130100
224160100
224160100
224290100
224290100
224350100
224360100
224480100
224480100
224480100
224510100
224510100
224520100
224620100
224630100
224640100
224740100
224740100
224740100
224750100
224750100
224750100
224750100
224880100
224900100
224900100
224910100
224910100
225010100
225120100
225160100
225350100
225350100
225360100
225360100
225390100
225390100
225470100
225470100
225470100
225490100
225490100
225510100
225510100
225580100
225580100
225600100
225600100
225660100
225660100
225660100
225660100
225670100
225820100
225830100
225830100
225830100
225840100
225890100
225920100
225920100
226160100
226160100
226170100
226170100
226170100
226170100
226270100
226270100
226270100
226310100
226310100
226310100
226330100
226360100
226360100
226360100
226430100
226430100
226460100
226460100
226470100
226490100
226490100
226500100
226500100
226570100
226590100
226590100
226590100
226590100
226600100
226600100
226750100
226760100
226760100
226760100
226760100
226810100
226810100
226810100
226820100
226850100
226880100
226880100
226880100
226880100
226890100
226890100
226900100
226900100
226900100
226900100
226970100
226970100
227040100
227040100
227040100
227040100
227050100
227050100
227060100
227060100
227110100
227120100
227310100
227340100
227340100
227340100
227420100
227440100
227470100
227510100
227510100
227530100
227530100
227570100
227570100
227600100
227600100
227600100
227640100
227640100
227640100
227660100
227660100
227670100
227670100
227680100
227680100
227820100
227840100
227840100
227840100
227840100
227960100
228040100
228040100
228050100
228050100
228050100
228060100
228060100
228070100
228070100
228090100
228090100
228100100
228100100
228110100
228150100
228250100
228270100
228270100
228330100
228350100
228380100
228390100
228390100
228420100
228430100
228450100
228450100
228570100
228770100
228790100
228790100
228850100
228910100
228910100
228910100
228950100
228950100
228970100
228990100
228990100
228990100
228990100
229000100
229000100
229010100
229010100
229040100
229280100
229280100
229280100
229280100
229300100
229340100
229340100
229350100
229350100
229350100
229390100
229390100
229390100
229390100
229480100
229480100
229520100
229520100
229540100
229560100
229560100
229610100
229610100
229620100
229640100
229640100
229650100
229650100
229830100
229840100
229840100
229840100
229840100
229850100
229850100
229850100
229910100
229910100
229920100
229920100
229920100
229960100
229960100
229960100
229970100
229970100
229970100
229970100
230020100
230020100
230120100
230150100
230150100
230190100
230220100
230220100
230230100
230270100
230270100
230280100
230280100
230280100
230280100
230340100
230380100
230380100
230410100
230560100
230560100
230560100
230690100
230720100
230720100
230800100
230810100
230810100
230810100
230820100
230820100
230820100
230820100
230830100
230830100
230840100
230840100
230840100
230840100
230940100
230940100
230940100
230970100
230970100
230970100
230990100
230990100
231000100
231000100
231010100
231010100
231030100
231030100
231030100
231040100
231060100
231060100
231090100
231110100
231110100
231120100
231120100
231120100
231170100
231170100
231320100
231580100
231580100
231600100
231600100
231600100
231610100
231610100
231610100
231670100
231670100
231670100
231700100
231700100
231820100
231820100
231820100
231840100
231840100
231930100
232030100
232030100
232030100
232030100
232060100
232060100
232060100
232090100
232090100
232090100
232110100
232130100
232300100
232300100
232340100
232350100
232350100
232350100
232360100
232360100
232380100
232390100
232440100
232440100
232440100
232440100
232450100
232450100
232450100
232500100
232500100
232520100
232520100
232560100
232560100
232560100
232590100
232590100
232600100
232600100
232610100
232610100
232610100
232620100
232620100
232690100
232790100
232800100
232810100
232810100
232820100
232830100
232830100
232840100
232870100
232870100
232870100
232870100
232890100
232890100
232900100
232910100
232910100
232960100
232960100
232960100
232970100
232970100
232980100
232980100
232990100
232990100
233010100
233010100
233110100
233160100
233180100
233180100
233260100
233260100
233400100
233440100
233530100
233530100
233530100
233530100
233550100
233600100
233620100
233720100
234170100
234200100
234200100
234200100
234220100
234220100
234240100
234260100
234260100
234410100
234410100
234480100
234700100
234700100
234700100
234820100
234940100
234940100
234980100
234980100
234980100
235030100
235030100
235060100
235070100
235180100
235180100
235180100
235190100
235230100
235230100
235230100
235300100
235300100
235490100
235520100
235520100
235530100
235530100
235530100
235540100
235540100
235540100
235670100
235670100
235670100
235670100
235760100
235770100
235810100
235810100
235840100
235850100
235850100
235850100
236010100
236010100
236100100
236100100
236100100
236100100
236140100
236140100
236210100
236210100
236210100
236380100
236380100
236440100
236440100
236500100
236500100
236510100
236510100
236520100
236520100
236520100
236550100
236550100
236560100
236560100
236620100
236620100
236650100
236650100
236660100
236660100
236660100
236670100
236700100
236700100
236830100
236910100
236920100
236920100
236930100
236970100
236970100
236980100
237000100
237290100
237310100
237310100
237310100
237310100
237450100
237460100
237460100
237610100
237610100
237610100
237610100
237660100
237660100
237670100
237720100
237720100
237720100
237730100
237730100
237770100
237770100
237770100
237790100
237810100
237810100
237900100
237900100
238060100
238060100
238190100
238200100
238200100
238210100
238320100
238320100
238330100
238330100
238350100
238350100
238370100
238370100
238510100
238520100
238520100
238550100
238550100
238570100
238630100
238700100
238730100
238730100
238750100
238750100
238750100
238770100
238770100
238770100
238770100
238790100
238790100
238810100
238830100
238830100
238840100
238840100
238860100
238860100
238990100
238990100
239000100
239000100
239080100
239200100
239200100
239210100
239250100
239260100
239300100
239300100
239320100
239320100
239350100
239350100
239360100
239360100
239360100
239370100
239370100
239370100
239420100
239420100
239510100
239540100
239540100
239550100
239550100
239570100
239570100
239590100
239620100
239620100
239650100
239690100
239690100
239740100
239740100
239740100
239740100
239760100
239770100
239770100
239770100
240150100
240250100
240270100
240310100
240340100
240340100
240360100
240360100
240380100
240380100
240380100
240400100
240400100
240400100
240400100
240410100
240430100
240430100
240460100
240460100
240460100
240480100
240480100
240520100
240520100
240560100
240570100
240770100
240770100
240770100
240790100
240800100
240810100
240850100
240850100
240850100
240880100
240880100
240880100
240880100
240990100
241000100
241000100
241010100
241020100
241050100
241050100
241070100
241080100
241120100
241150100
241170100
241170100
241170100
241170100
241190100
241190100
241230100
241230100
241270100
241270100
241450100
241520100
241540100
241730100
241730100
241740100
241740100
241790100
241790100
241810100
241810100
241820100
241820100
241820100
241860100
241870100
241890100
241890100
241890100
241900100
241910100
241910100
241920100
242080100
242080100
242080100
242090100
242090100
242090100
242090100
242100100
242100100
242130100
242250100
242250100
242460100
242480100
242480100
242540100
242540100
242570100
242570100
242570100
242660100
242660100
242780100
242780100
242810100
242810100
242810100
242810100
242900100
242900100
242900100
242900100
243080100
243090100
243120100
243120100
243120100
243120100
243120100
243140100
243140100
243140100
243190100
243190100
243190100
243190100
243240100
243240100
243250100
243260100
243260100
243260100
243260100
243270100
243270100
243290100
243300100
243300100
243300100
243300100
243390100
243390100
243560100
243560100
243560100
243610100
243610100
243610100
243620100
243640100
243640100
243690100
243810100
243810100
243820100
243820100
243820100
243830100
243910100
244110100
244110100
244110100
244180100
244180100
244180100
244180100
244270100
244270100
244440100
244540100
244540100
244700100
244700100
244750100
244840100
244840100
244890100
244980100
244980100
245210100
245210100
245320100
245500100
245500100
245500100
245510100
245520100
245520100
245520100
245570100
245600100
245600100
245600100
246000100
246000100
246100100
246100100
246120100
246130100
246150100
246150100
246170100
246170100
246220100
246250100
246330100
246440100
246440100
246440100
246450100
246590100
246610100
246610100
246740100
246760100
246760100
246760100
246780100
246790100
246810100
246830100
247120100
247120100
247120100
247160100
247160100
247160100
247160100
247190100
247210100
247220100
247220100
247220100
247220100
247290100
247290100
247310100
247310100
247310100
247380100
247380100
247390100
247410100
247410100
247410100
247410100
247430100
247430100
247430100
247430100
247520100
247530100
247530100
247530100
247540100
247540100
247810100
247830100
247830100
247830100
247830100
248010100
248040100
248040100
248080100
248080100
248090100
248100100
248100100
248100100
248340100
248340100
248350100
248360100
248360100
248460100
248460100
248470100
248470100
248470100
248600100
248670100
248670100
248750100
248850100
248850100
248850100
248850100
248860100
248860100
248890100
248890100
248980100
248980100
248980100
249000100
249110100
249110100
249220100
249310100
249410100
249410100
249410100
249410100
249440100
249440100
249490100
249490100
249510100
249520100
249520100
249520100
249530100
249540100
249540100
249550100
249590100
249650100
249970100
249970100
249970100
249990100
250000100
250000100
250000100
250040100
250060100
250060100
250070100
250090100
250090100
250220100
250220100
250320100
250330100
250330100
250360100
250360100
250410100
250410100
250620100
250870100
250870100
250870100
250870100
250890100
250900100
250900100
250900100
250900100
250910100
250910100
250930100
250930100
250930100
250940100
251050100
251210100
251210100
251210100
251210100
251220100
251290100
251290100
251300100
251310100
251310100
251380100
251380100
251380100
251410100
251410100
251420100
251610100
251610100
251620100
251620100
251620100
251620100
251660100
251660100
251690100
251690100
251700100
251700100
251720100
251750100
251750100
251760100
251760100
251770100
251860100
251860100
251860100
252240100
252420100
252420100
252470100
252470100
252470100
252760100
252760100
252770100
252770100
252770100
252800100
252820100
252860100
252860100
252860100
252860100
252900100
252900100
252900100
252900100
252910100
252910100
252910100
252930100
253000100
253010100
253020100
253020100
253040100
253040100
253040100
253080100
253080100
253090100
253090100
253090100
253100100
253180100
253180100
253430100
253430100
253430100
253450100
253470100
253470100
253560100
253580100
253580100
253630100
253630100
253630100
253630100
253700100
253770100
253920100
254060100
254060100
254240100
254250100
254270100
254270100
254280100
254290100
254290100
254430100
254430100
254430100
254450100
254460100
254460100
254570100
254580100
254700100
254700100
254700100
254710100
254970100
255100100
255150100
255150100
255340100
255340100
255340100
255340100
255450100
255450100
255460100
255460100
255460100
255460100
255470100
255500100
255500100
255770100
255770100
255940100
256090100
256090100
256220100
256220100
256220100
256250100
256320100
256320100
256320100
256340100
256660100
256700100
256990100
256990100
257010100
257010100
257020100
257020100
257030100
257230100
257230100
257320100
257320100
257450100
257450100
257450100
257540100
257540100
257560100
257560100
257600100
257600100
257910100
257910100
257930100
257930100
257930100
258030100
258030100
258030100
258060100
258060100
258060100
258060100
258070100
258260100
258270100
258330100
258470100
258490100
258490100
258490100
258490100
258850100
258850100
258860100
258860100
258860100
258880100
259080100
259150100
259150100
259310100
259310100
259310100
259350100
259470100
259470100
259470100
259470100
259570100
259570100
259590100
259650100
259650100
259650100
259860100
259860100
259890100
259920100
259920100
260080100
260120100
260140100
260140100
260140100
260210100
260210100
260270100
260270100
260270100
260270100
260280100
260320100
260320100
260320100
260340100
260340100
260340100
260490100
260490100
260490100
260810100
260820100
260960100
260960100
261020100
261020100
261160100
261160100
261160100
261160100
261190100
261270100
261290100
261290100
261290100
261290100
261300100
261300100
261300100
261310100
261500100
261690100
261750100
261750100
261780100
261780100
261810100
261820100
261820100
261880100
261880100
262070100
262080100
262080100
262110100
262110100
262110100
262220100
262220100
262370100
262390100
262390100
262390100
262430100
262430100
262450100
262490100
262510100
262520100
262520100
262520100
262520100
262660100
262700100
262700100
262920100
262920100
262930100
262930100
263010100
263040100
263080100
263110100
263110100
263140100
263150100
263150100
263150100
263160100
263170100
263170100
263170100
263170100
263180100
263220100
263230100
263300100
263300100
263310100
263390100
263400100
263400100
263460100
263470100
263480100
263480100
263480100
263480100
263690100
263690100
263690100
263800100
263800100
263800100
263800100
263800100
263800100
263800100
263800100
263800100
263800100
263910100
263940100
263940100
264110100
264110100
264140100
264160100
264260100
264340100
264340100
264350100
264350100
264360100
264410100
264420100
264420100
264480100
264540100
264610100
264620100
264620100
264650100
264690100
264740100
264740100
264740100
264790100
264790100
264790100
264790100
264790100
264800100
264800100
264800100
264810100
264810100
264840100
264880100
265190100
265220100
265220100
265370100
265370100
265490100
265490100
265500100
265560100
265560100
265570100
265570100
265570100
265630100
265630100
265630100
265630100
265700100
265700100
265770100
265790100
265790100
265960100
265960100
265960100
265960100
266050100
266050100
266110100
266190100
266310100
266310100
266390100
266390100
266390100
266390100
266570100
266590100
266590100
266600100
266620100
266620100
266640100
266650100
266720100
266790100
266790100
266800100
266810100
266830100
266920100
267020100
267090100
267110100
267120100
267120100
267120100
267120100
267130100
267190100
267290100
267290100
267290100
267290100
267340100
267440100
267440100
267440100
267450100
267450100
267500100
267500100
267650100
267770100
267810100
267830100
267840100
267910100
267920100
267920100
267920100
267920100
268060100
268270100
268270100
268270100
268290100
268290100
268330100
268460100
268460100
268460100
268490100
268490100
268530100
268530100
268530100
268540100
268540100
268540100
268540100
268570100
268590100
268660100
268690100
268690100
268690100
268700100
268700100
268700100
268860100
268910100
268920100
268930100
268930100
269080100
269090100
269120100
269120100
269230100
269230100
269240100
269240100
269440100
269440100
269440100
269450100
269460100
269470100
269480100
269500100
269500100
269520100
269540100
269550100
269680100
269680100
269710100
269710100
269710100
269810100
269810100
269810100
269830100
269830100
269860100
269860100
269910100
269950100
269950100
269950100
269960100
269960100
269990100
270130100
270130100
270130100
270230100
270230100
270240100
270400100
270400100
270410100
270410100
270420100
270430100
270430100
270430100
270430100
270600100
270600100
270600100
270630100
270630100
270630100
271010100
271010100
271010100
271010100
271060100
271090100
271240100
271440100
271440100
271450100
271450100
271450100
271560100
271560100
271650100
271710100
271880100
271880100
271880100
271880100
271940100
272030100
272180100
272180100
272180100
272620100
272620100
272790100
272930100
273040100
273040100
273040100
273100100
273120100
273120100
273130100
273130100
273410100
273410100
273420100
273420100
273650100
273650100
273800100
273800100
273800100
273800100
273840100
273880100
273880100
273980100
273990100
274020100
274020100
274020100
274020100
274080100
274080100
274080100
274080100
274450100
274640100
274870100
274870100
275200100
275200100
275200100
275640100
275640100
275640100
275640100
275690100
275920100
275920100
275920100
275970100
276070100
276070100
276070100
276070100
276080100
276110100
276110100
276200100
276200100
276200100
276240100
276240100
276240100
276350100
276350100
276380100
276380100
276680100
276680100
276720100
276720100
276770100
276770100
276770100
276770100
276810100
276810100
276940100
276960100
276960100
276960100
277160100
277160100
277170100
277290100
277290100
277290100
277290100
277350100
277360100
277410100
277410100
277650100
277650100
277700100
277860100
277860100
277950100
277950100
278030100
278030100
278530100
278530100
278550100
278560100
278560100
278560100
278570100
278570100
278570100
278570100
278650100
278650100
278650100
278670100
278670100
278680100
278690100
278700100
278700100
278880100
279030100
279160100
279160100
279160100
279180100
279180100
279180100
279200100
279200100
279200100
279250100
279260100
279260100
279460100
279470100
279500100
279540100
279540100
279540100
279570100
279570100
279670100
279670100
279680100
279700100
279700100
280040100
280040100
280150100
280150100
280150100
280490100
280490100
280510100
280510100
280510100
280810100
280810100
280820100
280960100
280960100
280960100
280970100
280970100
280970100
280970100
281010100
281010100
281010100
281010100
281230100
281250100
281250100
281250100
281250100
281410100
281410100
281410100
281410100
281510100
281510100
281510100
281630100
281680100
281680100
281720100
281730100
281730100
281750100
281750100
281760100
281760100
281780100
281780100
281790100
281790100
281940100
282010100
282010100
282070100
282080100
282100100
282150100
282150100
282150100
282230100
282230100
282240100
282390100
282530100
282680100
282680100
282680100
282680100
282720100
282720100
282790100
282800100
282800100
283000100
283280100
283280100
283280100
283330100
283330100
283330100
283400100
283740100
283740100
283910100
283950100
283990100
283990100
284000100
284000100
284230100
284240100
284240100
284250100
284250100
284250100
284400100
284400100
284400100
284400100
284420100
284420100
284480100
284510100
284530100
284540100
284580100
284580100
284580100
284580100
284860100
284860100
284970100
284970100
284970100
284970100
285230100
285230100
285400100
285440100
285510100
285550100
285550100
285550100
285550100
285590100
285600100
285600100
285610100
285610100
285660100
285720100
285720100
285720100
285720100
285760100
285760100
285940100
285970100
285970100
285980100
286180100
286180100
286180100
286520100
286770100
286770100
286770100
286780100
286780100
286780100
286780100
286900100
286900100
286920100
286920100
286960100
286960100
287040100
287070100
287070100
287070100
287080100
287080100
287080100
287150100
287150100
287150100
287230100
287230100
287450100
287460100
287460100
287460100
287470100
287470100
287490100
287540100
287540100
287550100
287550100
287550100
287710100
287710100
287730100
287790100
287790100
288260100
288260100
288260100
288260100
288670100
288750100
289010100
289170100
289170100
289310100
289340100
289340100
289400100
289470100
289470100
289750100
289750100
289780100
289780100
289810100
289880100
289880100
289940100
289940100
289940100
289990100
290060100
290240100
290240100
290280100
290310100
290310100
290310100
290310100
290330100
290600100
290600100
290600100
290600100
290810100
290990100
290990100
290990100
291460100
291460100
291460100
291460100
291580100
291960100
291970100
291980100
292010100
292010100
292080100
292250100
292250100
292250100
292250100
292280100
292290100
292290100
292290100
292290100
292420100
292420100
293130100
293170100
293180100
293180100
293180100
293460100
293460100
293460100
293500100
293500100
293530100
293560100
293880100
294020100
294020100
294020100
294070100
294070100
294440100
294440100
294600100
294600100
294670100
294670100
295090100
295090100
295090100
295090100
295130100
295160100
295160100
295220100
295220100
295220100
295220100
295300100
295640100
295640100
295640100
296230100
296520100
296530100
296690100
296690100
296690100
296780100
296780100
296800100
297010100
297010100
297330100
298120100
298130100
298130100
298130100
298130100
298190100
298190100
298240100
298250100
298320100
298320100
298320100
298810100
298810100
298840100
299200100
299380100
299540100
299750100
299750100
299850100
300270100
300270100
300270100
300270100
300500100
300590100
300590100
300590100
300630100
300800100
300900100
300910100
301460100
301460100
301460100
301570100
301570100
301950100
301960100
303210100
303210100
303210100
303210100
303940100
304020100
304020100
304150100
305150100
305150100
305150100
305240100
305710100
305760100
305760100
305760100
305790100
305790100
305790100
306360100
306360100
306410100
306410100
306540100
306830100
306830100
306830100
306910100
306910100
307490100
307490100
307490100
307630100
307630100
307630100
307630100
307660100
307660100
307660100
307680100
307680100
309090100
309580100
309750100
309770100
309770100
309910100
310040100
310090100
310490100
310490100
310850100
310850100
310850100
311000100
311000100
311000100
311080100
311080100
311090100
311090100
311230100
311410100
311410100
311830100
311830100
311880100
311890100
311930100
311990100
311990100
312060100
312060100
312220100
312390100
312390100
312420100
312720100
312850100
313200100
313200100
313820100
314090100
314740100
314740100
314750100
314980100
315050100
315050100
315060100
315060100
315060100
315290100
315530100
315640100
315640100
315660100
315660100
316210100
316210100
316470100
316470100
316470100
316470100
316600100
317330100
317410100
318480100
318770100
318770100
318970100
319100100
321790100
321790100
323680100